1477
148
231
5726
1619
2122
125
498
2403
987
2468
3853
932
16
3310
6055
4613
3132
4613
6035
2080
4063
233
4087
1676
4039
781
4121
2220
2481
876
2220
812
1678
254
3970
1629
836
1629
3941
384
5279
1086
3359
1885
1418
836
2912
4821
2363
5546
122
5804
4945
2537
5115
4456
116
2363
1418
2421
1086
346
1086
2534
4499
1619
1011
4550
1296
2848
148
5057
3641
4216
2771
5008
503
1701
5053
2048
2771
3357
2771
4409
3767
4391
3602
4835
5692
4776
67
2834
51
1322
4384
70
5084
2604
5926
3707
5203
2959
3535
5505
2832
2834
85
2834
5462
68
3357
2959
5502
548
1023
27
5907
2137
5155
3534
5926
2619
2619
3538
5222
1025
3604
3548
1188
66
2767
3620
5069
3618
1918
4377
5166
1711
3688
74
6128
1718
33
1718
5068
33
67
33
4003
85
3546
107
5610
5090
3175
3604
6116
2638
20
639
1405
384
1885
1086
1418
836
5804
3990
5618
3990
3533
1764
1986
1775
4455
3015
1126
5406
1559
1511
3683
4001
5039
4525
2056
118
2634
746
3880
2439
2438
2445
1860
3310
4063
4301
1622
3230
3245
5931
868
4103
1024
1529
1741
1747
1024
45
868
1024
1747
45
1747
868
1024
1720
525
5172
525
1208
2212
3339
1690
4744
2526
4009
359
6175
987
987
842
3965
233
118
4587
3735
3309
1197
987
5012
869
1676
5624
223
708
1218
2590
5407
1403
5895
56
41
1923
1257
5624
1676
1647
2590
365
1626
321
11
225
423
1218
225
1640
1391
3478
3158
4403
3527
503
2834
3618
66
27
67
1718
6086
321
1923
225
341
1257
2338
1736
2451
3352
2052
2052
525
3018
4607
2175
3130
3042
3737
1533
2655
5518
3506
4290
3506
5511
2655
2655
238
3680
2642
4935
2642
3661
3506
3506
1533
5679
467
1058
1768
5969
5563
4905
88
1831
1786
558
195
558
3461
4761
319
1058
6161
1519
1519
133
5633
125
228
1058
6153
4176
195
155
3461
166
319
1519
1512
230
558
177
5686
2648
839
1768
175
230
1519
2648
4761
125
195
2168
3646
5030
694
5016
229
359
3990
4508
1241
1241
1310
2935
3132
2883
2502
5232
2341
1806
4587
5098
2761
3476
3309
6220
180
233
180
4592
1540
2980
4911
360
4469
3238
2614
179
4451
1369
1261
1261
3329
5651
1648
4468
4188
5074
2974
2974
4910
5594
1311
1746
1261
5812
1311
4026
2974
4910
2980
4469
1425
3786
2557
1983
3238
3786
1983
1983
4061
2149
2471
1540
2471
5468
4911
2522
3663
4915
2976
3574
4205
2928
4077
1510
2046
5803
2811
4125
2147
5450
4082
4495
1540
1425
4488
3711
1939
245
868
4256
1902
16
118
3490
604
971
1678
5274
2486
3021
2102
2486
1796
1156
287
263
2035
1678
254
1662
1710
3824
2481
4740
11
1065
180
3932
3284
1675
2451
4330
2468
2468
4334
3166
1868
330
973
3925
2056
1241
610
3560
3211
4334
2013
4625
1305
910
2056
4920
537
3102
2202
5855
